43 37 38 38 38 38 38 38 38 38 39 41 3 0 1 2 1 3 2 0 3 1 2 0 1 3 0 2 1 3 2 0 3 1 2 0 1 3 0 2 1 3 2 0 3 1 2 0 1 3 
46 30 31 31 31 31 31 31 31 31 36 45 1 2 3 0 2 1 0 3 1 0 3 2 3 2 1 0 3 2 1 0 1 2 3 0 2 1 0 3 1 0 3 2 3 2 1 0 3 2
46 20 28 22 23 32 35 26 27 21 29 45 0 1 2 0 1 2 3 0 2 3 0 1 2 1 3 0 2 1 3 0 2 3 0 1 2 1 3 0 2 3 0 1 2 1 3 0 2 1
46 20 28 22 23 33 34 26 27 21 29 45 2 3 0 2 3 0 1 2 1 3 2 0 3 0 1 2 1 3 2 0 3 1 0 2 3 0 1 2 1 3 2 0 3 1 0 2 3 0
46 20 28 22 23 24 25 26 27 21 29 45 1 1 3 0 1 2 3 0 2 1 0 3 1 2 3 0 2 1 3 0 1 2 3 0 2 1 3 0 1 2 3 0 2 1 3 0 1 2
46 10 11 12 13 14 15 16 17 18 19 45 2 2 1 3 0 2 1 3 0 1 2 3 0 1 2 3 0 1 2 3 0 1 2 3 0 1 2 3 0 1 2 3 0 1 2 3 0 1
42 44 44 44 44 44 44 44 44 44 44 40 1 3 2 0 3 1 2 0 3 2 1 0 3 2 1 0 3 2 1 0 3 2 1 0 3 2 1 0 3 2 1 0 3 2 1 0 3 2
3 2 1 0 3 1 2 3 0 2 1 3 0 2 3 1 2 0 3 1 2 0 3 1 2 0 3 1 2 0 3 1 2 0 3 1 2 0 3 1 2 0 3 1 2 0 3 1 2 0
0 1 3 2 0 3 1 2 3 0 1 2 3 0 1 2 3 1 0 2 3 1 0 2 3 1 0 2 3 1 0 2 3 1 0 2 3 1 0 2 3 1 0 2 3 1 0 2 3 1
2 3 0 1 2 1 0 3 2 3 0 1 2 3 0 1 2 3 2 1 0 3 2 1 0 3 2 1 0 3 2 1 0 3 2 1 0 3 2 1 0 3 2 1 0 3 2 1 0 3
1 2 3 0 1 2 3 0 1 2 3 0 1 2 3 0 1 0 3 2 1 2 3 0 1 2 3 0 1 2 3 0 1 2 3 0 1 2 3 0 1 2 3 0 1 2 3 0 1 2
3 0 1 2 3 0 1 2 3 0 1 2 3 0 1 2 3 2 1 0 3 0 1 2 3 0 1 2 3 0 1 2 3 0 1 2 3 0 1 2 3 0 1 2 3 0 1 2 3 0
1 2 3 0 1 2 3 0 1 2 3 0 1 2 3 0 1 3 2 1 0 3 2 1 0 3 2 1 0 3 2 1 0 3 2 1 0 3 2 1 0 3 2 1 0 3 2 1 0 3
0 3 2 1 0 3 2 1 0 3 2 1 0 3 2 1 0 1 0 3 2 1 0 3 2 1 0 3 2 1 0 3 2 1 0 3 2 1 0 3 2 1 0 3 2 1 0 3 2 1
2 1 0 3 2 1 0 3 2 1 0 3 2 1 0 3 2 3 2 1 0 3 2 1 0 3 2 1 0 3 2 1 0 3 2 1 0 3 2 1 0 3 2 1 0 3 2 1 0 3
1 3 2 0 1 3 2 0 1 3 2 0 1 3 2 0 1 2 3 0 1 2 3 0 1 2 3 0 1 2 3 0 1 2 3 0 1 2 3 0 1 2 3 0 1 2 3 0 1 2
0 2 1 3 0 2 1 3 0 2 1 3 0 2 1 3 0 1 0 3 2 1 0 3 2 1 0 3 2 1 0 3 2 1 0 3 2 1 0 3 2 1 0 3 2 1 0 3 2 1
3 1 0 2 3 1 0 2 3 1 0 2 3 1 0 2 3 0 2 1 3 0 2 1 3 0 2 1 3 0 2 1 3 0 2 1 3 0 2 1 3 0 2 1 3 0 2 1 3 0
2 0 3 1 2 0 3 1 2 0 3 1 2 0 3 1 2 3 1 0 2 3 1 0 2 3 1 0 2 3 1 0 2 3 1 0 2 3 1 0 2 3 1 0 2 3 1 0 2 3
1 3 0 2 1 3 0 2 1 3 0 2 1 3 0 2 1 2 3 0 1 2 3 0 1 2 3 0 1 2 3 0 1 2 3 0 1 2 3 0 1 2 3 0 1 2 3 0 1 2
0 2 1 3 0 2 1 3 0 2 1 3 0 2 1 3 0 1 2 3 0 1 2 3 0 1 2 3 0 1 2 3 0 1 2 3 0 1 2 3 0 1 2 3 0 1 2 3 0 1
3 1 2 0 3 1 2 0 3 1 2 0 3 1 2 0 3 0 3 1 2 3 0 1 2 3 0 1 2 3 0 1 2 3 0 1 2 3 0 1 2 3 0 1 2 3 0 1 2 3
2 0 3 1 2 0 3 1 2 0 3 1 2 0 3 1 2 1 0 2 3 1 0 2 3 1 0 2 3 1 0 2 3 1 0 2 3 1 0 2 3 1 0 2 3 1 0 2 3 1
1 3 2 0 1 3 2 0 1 3 2 0 1 3 2 0 1 3 2 0 1 3 2 0 1 3 2 0 1 3 2 0 1 3 2 0 1 3 2 0 1 3 2 0 1 3 2 0 1 3
0 2 1 3 0 2 1 3 0 2 1 3 0 2 1 3 0 2 1 3 0 2 1 3 7 8 1 3 0 2 1 3 0 2 1 3 0 2 1 3 0 2 1 3 0 2 1 3 0 2
3 1 0 2 3 1 0 2 3 1 0 2 3 1 0 2 3 0 3 1 2 0 3 1 2 8 3 1 2 0 3 1 2 0 3 1 2 0 3 1 2 0 3 1 2 0 3 1 2 0
2 0 3 1 2 0 3 1 2 0 3 1 2 0 3 1 2 1 2 3 0 1 2 3 0 8 2 3 0 1 2 3 0 1 2 3 0 1 2 3 0 1 2 3 0 1 2 3 0 1
1 3 2 0 1 3 2 0 1 3 2 0 1 3 2 0 1 3 0 1 2 3 0 1 2 3 0 1 2 3 0 1 2 3 0 1 2 3 0 1 2 3 0 1 2 3 0 1 2 3
0 2 1 3 0 2 1 3 0 2 1 3 0 2 1 3 0 2 1 3 0 2 1 3 0 2 1 3 0 2 1 3 0 2 1 3 0 2 1 3 0 2 1 3 0 2 1 3 0 2
3 1 0 2 3 1 0 2 3 1 0 2 3 1 0 2 3 1 0 2 3 1 0 2 3 1 0 2 3 1 0 2 3 1 0 2 3 1 0 2 3 1 0 2 3 1 0 2 3 1
2 0 3 1 2 0 3 1 2 0 3 1 2 0 3 1 2 3 2 1 0 3 2 1 0 3 2 1 0 3 2 1 0 3 2 1 0 3 2 1 0 3 2 1 0 3 2 1 0 3
1 3 2 0 1 3 2 0 1 3 2 0 1 3 2 0 1 0 3 2 1 0 3 2 1 0 3 2 1 0 3 2 1 0 3 2 1 0 3 2 1 0 3 2 1 0 3 2 1 0
0 2 1 3 0 2 1 3 0 2 1 3 0 2 1 3 0 2 1 3 0 2 1 3 0 2 1 3 0 2 1 3 0 2 1 3 0 2 1 3 0 2 1 3 0 2 1 3 0 2
3 1 0 2 3 1 0 2 3 1 0 2 3 1 0 2 3 1 0 2 3 1 0 2 3 1 0 2 3 1 0 2 3 1 0 2 3 1 0 2 3 1 0 2 3 1 0 2 3 1
2 0 3 1 2 0 3 1 2 0 3 1 2 0 3 1 2 3 2 1 0 3 2 1 0 3 2 1 0 3 2 1 0 3 2 1 0 3 2 1 0 3 2 1 0 3 2 1 0 3
1 3 2 0 1 3 2 0 1 3 2 0 1 3 2 0 1 0 3 2 1 0 3 2 1 0 3 2 1 0 3 2 1 0 3 2 1 0 3 2 1 0 3 2 1 0 3 2 1 0
0 2 1 3 0 2 1 3 0 2 1 3 0 2 1 3 0 2 1 3 0 2 1 3 0 2 1 3 0 2 1 3 0 2 1 3 0 2 1 3 0 2 1 3 0 2 1 3 0 2
3 1 0 2 3 1 0 2 3 1 0 2 3 1 0 2 3 1 0 2 3 1 0 2 3 1 0 2 3 1 0 2 3 1 0 2 3 1 0 2 3 1 0 2 3 1 0 2 3 1
2 0 3 1 2 0 3 1 2 0 3 1 2 0 3 1 2 3 2 1 0 3 2 1 0 3 2 1 0 3 2 1 0 3 2 1 0 3 2 1 0 3 2 1 0 3 2 1 0 3
1 3 2 0 1 3 2 0 1 3 2 0 1 3 2 0 1 0 3 2 1 0 3 2 1 0 3 2 1 0 3 2 1 0 3 2 1 0 3 2 1 0 3 2 1 0 3 2 1 0
0 2 1 3 0 2 1 3 0 2 1 3 0 2 1 3 0 2 1 3 0 2 1 3 0 2 1 3 0 2 1 3 0 2 1 3 0 2 1 3 0 2 1 3 0 2 1 3 0 2
3 1 0 2 3 1 0 2 3 1 0 2 3 1 0 2 3 1 0 2 3 1 0 2 3 1 0 2 3 1 0 2 3 1 0 2 3 1 0 2 3 1 0 2 3 1 0 2 3 1
2 0 3 1 2 0 3 1 2 0 3 1 2 0 3 1 2 3 2 1 0 3 2 1 0 3 2 1 0 3 2 1 0 3 2 1 0 3 2 1 0 3 2 1 0 3 2 1 0 3
1 3 2 0 1 3 2 0 1 3 2 0 1 3 2 0 1 0 3 2 1 0 3 2 1 0 3 2 1 0 3 2 1 0 3 2 1 0 3 2 1 0 3 2 1 0 3 2 1 0
0 2 1 3 0 2 1 3 0 2 1 3 0 2 1 3 0 2 1 3 0 2 1 3 0 2 1 3 0 2 1 3 0 2 1 3 0 2 1 3 0 2 1 3 0 2 1 3 0 2
3 1 0 2 3 1 0 2 3 1 0 2 3 1 0 2 3 1 0 2 3 1 0 2 3 1 0 2 3 1 0 2 3 1 0 2 3 1 0 2 3 1 0 2 3 1 0 2 3 1
2 0 3 1 2 0 3 1 2 0 3 1 2 0 3 1 2 3 2 1 0 3 2 1 0 3 2 1 0 3 2 1 0 3 2 1 0 3 2 1 0 3 2 1 0 3 2 1 0 3
1 3 2 0 1 3 2 0 1 3 2 0 1 3 2 0 1 0 3 2 1 0 3 2 1 0 3 2 1 0 3 2 1 0 3 2 1 0 3 2 1 0 3 2 1 0 3 2 1 0
0 2 1 3 0 2 1 3 0 2 1 3 0 2 1 3 0 2 1 3 0 2 1 3 0 2 1 3 0 2 1 3 0 2 1 3 0 2 1 3 0 2 1 3 0 2 1 3 0 2
3 1 0 2 3 1 0 2 3 1 0 2 3 1 0 2 3 1 0 2 3 1 0 2 3 1 0 2 3 1 0 2 3 1 0 2 3 1 0 2 3 1 0 2 3 1 0 2 3 1
0 1 2 3 1 0 3 2 1 0 3 2 3 0 1 2 1 3 2 0 3 1 2 0 1 3 0 2 1 3 2 0 3 1 2 0 1 3 0 2 1 3 2 0 3 1 2 0 1 3
3 0 1 2 3 2 1 0 3 2 1 0 1 2 3 0 2 1 0 3 1 0 3 2 3 2 1 0 3 2 1 0 1 2 3 0 2 1 0 3 1 0 3 2 3 2 1 0 3 2
1 2 3 0 1 3 0 2 1 3 2 0 3 1 2 0 1 2 3 0 2 3 0 1 2 1 3 0 2 1 3 0 2 3 0 1 2 1 3 0 2 3 0 1 2 1 3 0 2 1
3 1 0 2 3 2 1 0 3 0 1 2 1 3 0 2 3 0 1 2 1 3 2 0 3 0 1 2 1 3 2 0 3 1 0 2 3 0 1 2 1 3 2 0 3 1 0 2 3 0
0 3 2 1 0 1 3 2 1 2 3 0 2 1 3 0 1 2 3 0 2 1 0 3 1 2 3 0 2 1 3 0 1 2 3 0 2 1 3 0 1 2 3 0 2 1 3 0 1 2
2 1 3 0 2 3 0 1 2 0 1 3 0 2 1 3 0 2 1 3 0 1 2 3 0 1 2 3 0 1 2 3 0 1 2 3 0 1 2 3 0 1 2 3 0 1 2 3 0 1
1 0 2 3 1 2 3 0 1 3 0 2 1 3 2 0 3 1 2 0 3 2 1 0 3 2 1 0 3 2 1 0 3 2 1 0 3 2 1 0 3 2 1 0 3 2 1 0 3 2
3 2 1 0 3 1 2 3 0 2 1 3 0 2 3 1 2 0 3 1 2 0 3 1 2 0 3 1 2 0 3 1 2 0 3 1 2 0 3 1 2 0 3 1 2 0 3 1 2 0
0 1 3 2 0 3 1 2 3 0 1 2 3 0 1 2 3 1 0 2 3 1 0 2 3 1 0 2 3 1 0 2 3 1 0 2 3 1 0 2 3 1 0 2 3 1 0 2 3 1
2 3 0 1 2 1 0 3 2 3 0 1 2 3 0 1 2 3 2 1 0 3 2 1 0 3 2 1 0 3 2 1 0 3 2 1 0 3 2 1 0 3 2 1 0 3 2 1 0 3
1 2 3 0 1 2 3 0 1 2 3 0 1 2 3 0 1 0 3 2 1 2 3 0 1 2 3 0 1 2 3 0 1 2 3 0 1 2 3 0 1 2 3 0 1 2 3 0 1 2
3 0 1 2 3 0 1 2 3 0 1 2 3 0 1 2 3 2 1 0 3 0 1 2 3 0 1 2 3 0 1 2 3 0 1 2 3 0 1 2 3 0 1 2 3 0 1 2 3 0
1 2 3 0 1 2 3 0 1 2 3 0 1 2 3 0 1 3 2 1 0 3 2 1 0 3 2 1 0 3 2 1 0 3 2 1 0 3 2 1 0 3 2 1 0 3 2 1 0 3
0 3 2 1 0 3 2 1 0 3 2 1 0 3 2 1 0 1 0 3 2 1 0 3 2 1 0 3 2 1 0 3 2 1 0 3 2 1 0 3 2 1 0 3 2 1 0 3 2 1
2 1 0 3 2 1 0 3 2 1 0 3 2 1 0 3 2 3 2 1 0 3 2 1 0 3 2 1 0 3 2 1 0 3 2 1 0 3 2 1 0 3 2 1 0 3 2 1 0 3
1 3 2 0 1 3 2 0 1 3 2 0 1 3 2 0 1 2 3 0 1 2 3 0 1 2 3 0 1 2 3 0 1 2 3 0 1 2 3 0 1 2 3 0 1 2 3 0 1 2
0 2 1 3 0 2 1 3 0 2 1 3 0 2 1 3 0 1 0 3 2 1 0 3 2 1 0 3 2 1 0 3 2 1 0 3 2 1 0 3 2 1 0 3 2 1 0 3 2 1
3 1 0 2 3 1 0 2 3 1 0 2 3 1 0 2 3 0 2 1 3 0 2 1 3 0 2 1 3 0 2 1 3 0 2 1 3 0 2 1 3 0 2 1 3 0 2 1 3 0
2 0 3 1 2 0 3 1 2 0 3 1 2 0 3 1 2 3 1 0 2 3 1 0 2 3 1 0 2 3 1 0 2 3 1 0 2 3 1 0 2 3 1 0 2 3 1 0 2 3
1 3 0 2 1 3 0 2 1 3 0 2 1 3 0 2 1 2 3 0 1 2 3 0 1 2 3 0 1 2 3 0 1 2 3 0 1 2 3 0 1 2 3 0 1 2 3 0 1 2
0 2 1 3 0 2 1 3 0 2 1 3 0 2 1 3 0 1 2 3 0 1 2 3 0 1 2 3 0 1 2 3 0 1 2 3 0 1 2 3 0 1 2 3 0 1 2 3 0 1
3 1 2 0 3 1 2 0 3 1 2 0 3 1 2 0 3 0 3 1 2 3 0 1 2 3 0 1 2 3 0 1 2 3 0 1 2 3 0 1 2 3 0 1 2 3 0 1 2 3
2 0 3 1 2 0 3 1 2 0 3 1 2 0 3 1 2 1 0 2 3 1 0 2 3 1 0 2 3 1 0 2 3 1 0 2 3 1 0 2 3 1 0 2 3 1 0 2 3 1
1 3 2 0 1 3 2 0 1 3 2 0 1 3 2 0 1 3 2 0 1 3 2 0 1 3 2 0 1 3 2 0 1 3 2 0 1 3 2 0 1 3 2 0 1 3 2 0 1 3
0 2 1 3 0 2 1 3 0 2 1 3 0 2 1 3 0 2 1 3 0 2 1 3 7 8 1 3 0 2 1 3 0 2 1 3 0 2 1 3 0 2 1 3 0 2 1 3 0 2
3 1 0 2 3 1 0 2 3 1 0 2 3 1 0 2 3 0 3 1 2 0 3 1 2 8 3 1 2 0 3 1 2 0 3 1 2 0 3 1 2 0 3 1 2 0 3 1 2 0
2 0 3 1 2 0 3 1 2 0 3 1 2 0 3 1 2 1 2 3 0 1 2 3 0 8 2 3 0 1 2 3 0 1 2 3 0 1 2 3 0 1 2 3 0 1 2 3 0 1
1 3 2 0 1 3 2 0 1 3 2 0 1 3 2 0 1 3 0 1 2 3 0 1 2 3 0 1 2 3 0 1 2 3 0 1 2 3 0 1 2 3 0 1 2 3 0 1 2 3
0 2 1 3 0 2 1 3 0 2 1 3 0 2 1 3 0 2 1 3 0 2 1 3 0 2 1 3 0 2 1 3 0 2 1 3 0 2 1 3 0 2 1 3 0 2 1 3 0 2
3 1 0 2 3 1 0 2 3 1 0 2 3 1 0 2 3 1 0 2 3 1 0 2 3 1 0 2 3 1 0 2 3 1 0 2 3 1 0 2 3 1 0 2 3 1 0 2 3 1
2 0 3 1 2 0 3 1 2 0 3 1 2 0 3 1 2 3 2 1 0 3 2 1 0 3 2 1 0 3 2 1 0 3 2 1 0 3 2 1 0 3 2 1 0 3 2 1 0 3
1 3 2 0 1 3 2 0 1 3 2 0 1 3 2 0 1 0 3 2 1 0 3 2 1 0 3 2 1 0 3 2 1 0 3 2 1 0 3 2 1 0 3 2 1 0 3 2 1 0
0 2 1 3 0 2 1 3 0 2 1 3 0 2 1 3 0 2 1 3 0 2 1 3 0 2 1 3 0 2 1 3 0 2 1 3 0 2 1 3 0 2 1 3 0 2 1 3 0 2
3 1 0 2 3 1 0 2 3 1 0 2 3 1 0 2 3 1 0 2 3 1 0 2 3 1 0 2 3 1 0 2 3 1 0 2 3 1 0 2 3 1 0 2 3 1 0 2 3 1
2 0 3 1 2 0 3 1 2 0 3 1 2 0 3 1 2 3 2 1 0 3 2 1 0 3 2 1 0 3 2 1 0 3 2 1 0 3 2 1 0 3 2 1 0 3 2 1 0 3
1 3 2 0 1 3 2 0 1 3 2 0 1 3 2 0 1 0 3 2 1 0 3 2 1 0 3 2 1 0 3 2 1 0 3 2 1 0 3 2 1 0 3 2 1 0 3 2 1 0
0 2 1 3 0 2 1 3 0 2 1 3 0 2 1 3 0 2 1 3 0 2 1 3 0 2 1 3 0 2 1 3 0 2 1 3 0 2 1 3 0 2 1 3 0 2 1 3 0 2
3 1 0 2 3 1 0 2 3 1 0 2 3 1 0 2 3 1 0 2 3 1 0 2 3 1 0 2 3 1 0 2 3 1 0 2 3 1 0 2 3 1 0 2 3 1 0 2 3 1
2 0 3 1 2 0 3 1 2 0 3 1 2 0 3 1 2 3 2 1 0 3 2 1 0 3 2 1 0 3 2 1 0 3 2 1 0 3 2 1 0 3 2 1 0 3 2 1 0 3
1 3 2 0 1 3 2 0 1 3 2 0 1 3 2 0 1 0 3 2 1 0 3 2 1 0 3 2 1 0 3 2 1 0 3 2 1 0 3 2 1 0 3 2 1 0 3 2 1 0
0 2 1 3 0 2 1 3 0 2 1 3 0 2 1 3 0 2 1 3 0 2 1 3 0 2 1 3 0 2 1 3 0 2 1 3 0 2 1 3 0 2 1 3 0 2 1 3 0 2
3 1 0 2 3 1 0 2 3 1 0 2 3 1 0 2 3 1 0 2 3 1 0 2 3 1 0 2 3 1 0 2 3 1 0 2 3 1 0 2 3 1 0 2 3 1 0 2 3 1
2 0 3 1 2 0 3 1 2 0 3 1 2 0 3 1 2 3 2 1 0 3 2 1 0 3 2 1 0 3 2 1 0 3 2 1 0 3 2 1 0 3 2 1 0 3 2 1 0 3
1 3 2 0 1 3 2 0 1 3 2 0 1 3 2 0 1 0 3 2 1 0 3 2 1 0 3 2 1 0 3 2 1 0 3 2 1 0 3 2 1 0 3 2 1 0 3 2 1 0
0 2 1 3 0 2 1 3 0 2 1 3 0 2 1 3 0 2 1 3 0 2 1 3 0 2 1 3 0 2 1 3 0 2 1 3 0 2 1 3 0 2 1 3 0 2 1 3 0 2
3 1 0 2 3 1 0 2 3 1 0 2 3 1 0 2 3 1 0 2 3 1 0 2 3 1 0 2 3 1 0 2 3 1 0 2 3 1 0 2 3 1 0 2 3 1 0 2 3 1
2 0 3 1 2 0 3 1 2 0 3 1 2 0 3 1 2 3 2 1 0 3 2 1 0 3 2 1 0 3 2 1 0 3 2 1 0 3 2 1 0 3 2 1 0 3 2 1 0 3
1 3 2 0 1 3 2 0 1 3 2 0 1 3 2 0 1 0 3 2 1 0 3 2 1 0 3 2 1 0 3 2 1 0 3 2 1 0 3 2 1 0 3 2 1 0 3 2 1 0
0 2 1 3 0 2 1 3 0 2 1 3 0 2 1 3 0 2 1 3 0 2 1 3 0 2 1 3 0 2 1 3 0 2 1 3 0 2 1 3 0 2 1 3 0 2 1 3 0 2
3 1 0 2 3 1 0 2 3 1 0 2 3 1 0 2 3 1 0 2 3 1 0 2 3 1 0 2 3 1 0 2 3 1 0 2 3 1 0 2 3 1 0 2 3 1 0 2 3 1